    0.0026     0.0027     0.0025     0.0029     0.0029     0.0035     0.0036
    0.0039     0.0041     0.0046     0.0053     0.0064     0.0077     0.0088
    0.0100     0.0111     0.0126     0.0141     0.0162     0.0184     0.0208
    0.0233     0.0255     0.0279     0.0303     0.0330     0.0357     0.0386
    0.0414     0.0439     0.0464     0.0490     0.0515     0.0542     0.0569
    0.0597     0.0628     0.0660     0.0695     0.0731     0.0767     0.0803
    0.0836     0.0864     0.0891     0.0919     0.0947     0.0974     0.1002
    0.1032     0.1056     0.1080     0.1102     0.1120     0.1143     0.1163
    0.1182     0.1200     0.1209     0.1218     0.1226     0.1232     0.1241
    0.1247     0.1252     0.1255     0.1257     0.1251     0.1244     0.1227
    0.1189     0.1149     0.1101     0.1043     0.0977     0.0914     0.0852
    0.0791     0.0734     0.0676     0.0625     0.0570     0.0516     0.0463
    0.0410     0.0358     0.0303     0.0250     0.0194     0.0140     0.0091
    0.0041    -0.0006    -0.0055    -0.0104    -0.0154    -0.0200    -0.0244
   -0.0285    -0.0324    -0.0362    -0.0396    -0.0410    -0.0425    -0.0432
   -0.0430    -0.0423    -0.0417    -0.0418    -0.0418    -0.0423    -0.0428
   -0.0443    -0.0458    -0.0474    -0.0496    -0.0512    -0.0526    -0.0535
   -0.0545    -0.0554    -0.0563    -0.0569    -0.0573    -0.0574    -0.0573
   -0.0573    -0.0571    -0.0569    -0.0567    -0.0563    -0.0558    -0.0554
   -0.0548    -0.0541    -0.0534    -0.0526    -0.0519    -0.0509    -0.0503
   -0.0492    -0.0483    -0.0472    -0.0460    -0.0446    -0.0430    -0.0414
   -0.0396    -0.0383    -0.0373    -0.0368    -0.0361    -0.0353    -0.0344
   -0.0339    -0.0335    -0.0335    -0.0336    -0.0337    -0.0339    -0.0341
   -0.0341    -0.0342    -0.0344    -0.0347    -0.0348    -0.0349    -0.0350
   -0.0350    -0.0348    -0.0346    -0.0342    -0.0336    -0.0332    -0.0328
   -0.0326    -0.0323    -0.0322    -0.0322    -0.0322    -0.0322    -0.0320
   -0.0318    -0.0314    -0.0313    -0.0312    -0.0311    -0.0310    -0.0301
   -0.0291    -0.0279    -0.0266    -0.0249    -0.0236    -0.0222    -0.0211
   -0.0197    -0.0183    -0.0169    -0.0156    -0.0142    -0.0131    -0.0119
   -0.0104    -0.0092    -0.0077    -0.0062    -0.0047    -0.0031    -0.0013
    0.0009     0.0032     0.0056     0.0078     0.0100     0.0121     0.0146
    0.0170     0.0195     0.0221     0.0240     0.0259     0.0274     0.0287
    0.0294     0.0304     0.0314     0.0328     0.0338     0.0347     0.0352
    0.0355     0.0359     0.0362     0.0369     0.0375     0.0378     0.0378
    0.0378     0.0376     0.0382     0.0396     0.0399     0.0410     0.0412
    0.0417     0.0406     0.0396     0.0377     0.0360     0.0339     0.0317
    0.0287     0.0256     0.0224     0.0193     0.0166     0.0138     0.0111
    0.0083     0.0056     0.0029     0.0006    -0.0012    -0.0034    -0.0054
   -0.0077    -0.0100    -0.0114    -0.0127    -0.0135    -0.0142    -0.0157
   -0.0179    -0.0184    -0.0192    -0.0185    -0.0165    -0.0170    -0.0131
   -0.0131    -0.0047    -0.0033     0.0094     0.0120     0.0297     0.0328
    0.0556     0.0604     0.0887     0.0955     0.1309     0.1404     0.1788
    0.1907     0.2330     0.2505     0.2901     0.3102     0.3334     0.3486
    0.3333     0.2896     0.1853     0.1391     0.0256    -0.0111    -0.0988
   -0.1556    -0.1987    -0.2760    -0.3091    -0.3432    -0.3305    -0.3033
   -0.2878    -0.2531    -0.2393    -0.2037    -0.1923    -0.1588    -0.1494
   -0.1163    -0.1102    -0.0868    -0.0837    -0.0690    -0.0684    -0.0562
   -0.0560    -0.0479    -0.0478    -0.0417    -0.0417    -0.0365    -0.0327
   -0.0307    -0.0287    -0.0278    -0.0270    -0.0266    -0.0268    -0.0268
   -0.0273    -0.0277    -0.0284    -0.0297    -0.0316    -0.0331    -0.0343
   -0.0354    -0.0357    -0.0362    -0.0357    -0.0354    -0.0345    -0.0338
   -0.0333    -0.0328    -0.0324    -0.0318    -0.0316    -0.0311    -0.0304
   -0.0293    -0.0282    -0.0266    -0.0247    -0.0229    -0.0211    -0.0191
   -0.0173    -0.0153    -0.0134    -0.0118    -0.0100    -0.0081    -0.0059
   -0.0034    -0.0007     0.0022     0.0050     0.0080     0.0112     0.0145
    0.0179     0.0214     0.0252     0.0292     0.0339     0.0388     0.0436
    0.0483     0.0528     0.0573     0.0611     0.0648     0.0683     0.0711
    0.0729     0.0740     0.0758     0.0765     0.0784     0.0805     0.0841
    0.0876     0.0909     0.0937     0.0961     0.0979     0.0998     0.1015
    0.1028     0.1040     0.1044     0.1049     0.1050     0.1046     0.1039
    0.1028     0.1012     0.0990     0.0967     0.0939     0.0915     0.0886
    0.0856     0.0822     0.0789     0.0754     0.0728     0.0704     0.0672
    0.0642     0.0601     0.0558     0.0502     0.0451     0.0403     0.0359
    0.0312     0.0280     0.0235     0.0196     0.0163     0.0135     0.0106
    0.0074     0.0038     0.0008    -0.0022    -0.0047    -0.0073    -0.0098
   -0.0118    -0.0133    -0.0146    -0.0152    -0.0155    -0.0153    -0.0151
   -0.0146    -0.0142    -0.0131    -0.0118    -0.0100    -0.0080    -0.0062
   -0.0046    -0.0033    -0.0023    -0.0014    -0.0003    -0.0003     0.0009
    0.0017     0.0022     0.0023     0.0030     0.0040     0.0055     0.0069
    0.0084     0.0097     0.0109     0.0123     0.0132     0.0139     0.0147
    0.0149     0.0153     0.0153     0.0156     0.0156     0.0163     0.0165
    0.0165     0.0166     0.0172     0.0177     0.0182     0.0187     0.0195
    0.0203     0.0214     0.0226     0.0233     0.0244     0.0255     0.0270
    0.0285     0.0304     0.0324     0.0345     0.0367     0.0388     0.0413
    0.0435     0.0457     0.0477     0.0493     0.0511     0.0528     0.0545
    0.0559     0.0577     0.0584     0.0592     0.0602     0.0610     0.0611
    0.0612     0.0613     0.0612     0.0608     0.0604     0.0598     0.0589
    0.0585     0.0577     0.0566     0.0553     0.0538     0.0520     0.0499
    0.0477     0.0455     0.0429     0.0404     0.0381     0.0361     0.0346
    0.0335     0.0324     0.0311     0.0301     0.0291     0.0284     0.0281
    0.0281     0.0287     0.0290     0.0293     0.0293     0.0296     0.0298
    0.0303     0.0306     0.0309     0.0311     0.0312     0.0317     0.0321
    0.0326     0.0332     0.0339     0.0348     0.0359     0.0371     0.0386
    0.0402     0.0419     0.0437     0.0456     0.0475     0.0496     0.0518
    0.0539     0.0564     0.0585     0.0611     0.0633     0.0653     0.0676
    0.0702     0.0731     0.0757     0.0786     0.0806     0.0828     0.0846
    0.0865     0.0884     0.0900     0.0914     0.0926     0.0936     0.0945
    0.0951     0.0955     0.0955     0.0953     0.0948     0.0941     0.0931
    0.0918     0.0901     0.0882     0.0864     0.0845     0.0822     0.0799
    0.0772     0.0744     0.0715     0.0685     0.0656     0.0627     0.0596
    0.0565     0.0542     0.0518     0.0501     0.0486     0.0474     0.0465
    0.0464     0.0463     0.0481     0.0503     0.0545     0.0594     0.0595
    0.0659     0.0665     0.0771     0.0788     0.0920     0.0941     0.1121
    0.1154     0.1367     0.1416     0.1689     0.1761     0.2096     0.2199
    0.2579     0.2716     0.3109     0.3291     0.3631     0.3781     0.3930
    0.4016     0.3703     0.3258     0.2670     0.1468     0.1090     0.0099
   -0.0474    -0.0898    -0.1762    -0.1737    -0.1787    -0.1836    -0.1728
   -0.1579    -0.1495    -0.1328    -0.1262    -0.1047    -0.0998    -0.0825
   -0.0790    -0.0633    -0.0611    -0.0470    -0.0454    -0.0356    -0.0342
   -0.0257    -0.0244    -0.0177    -0.0165    -0.0110    -0.0091    -0.0072
   -0.0054    -0.0037    -0.0019    -0.0003     0.0014     0.0030     0.0045
    0.0056     0.0067     0.0080     0.0092     0.0105     0.0117     0.0130
    0.0144     0.0157     0.0169     0.0178     0.0185     0.0192     0.0198
    0.0203     0.0207     0.0208     0.0208     0.0210     0.0211     0.0213
    0.0216     0.0217     0.0218     0.0222     0.0226     0.0229     0.0232
    0.0237     0.0242     0.0250     0.0257     0.0266     0.0275     0.0286
    0.0297     0.0311     0.0325     0.0338     0.0348     0.0361     0.0372
    0.0388     0.0406     0.0421     0.0438     0.0455     0.0471     0.0488
    0.0506     0.0522     0.0537     0.0551     0.0562     0.0575     0.0589
    0.0601     0.0614     0.0623     0.0630     0.0634     0.0638     0.0640
    0.0643     0.0645     0.0648     0.0644     0.0638     0.0630     0.0622
    0.0621     0.0618     0.0619     0.0621     0.0623     0.0624     0.0636
    0.0657     0.0668     0.0686     0.0690     0.0690     0.0672     0.0654
    0.0628     0.0603     0.0572     0.0540     0.0501     0.0460     0.0420
    0.0380     0.0344     0.0305     0.0263     0.0218     0.0171     0.0123
    0.0077     0.0035    -0.0010    -0.0054    -0.0104    -0.0152    -0.0203
   -0.0254    -0.0305    -0.0357    -0.0418    -0.0491    -0.0554    -0.0622
   -0.0676    -0.0729    -0.0762    -0.0796    -0.0823    -0.0849    -0.0868
   -0.0887    -0.0900    -0.0909    -0.0916    -0.0924    -0.0933    -0.0941
   -0.0944    -0.0947    -0.0947    -0.0946    -0.0945    -0.0947    -0.0947
   -0.0951    -0.0953    -0.0955    -0.0957    -0.0957    -0.0960    -0.0962
   -0.0965    -0.0965    -0.0965    -0.0963    -0.0957    -0.0953    -0.0950
   -0.0948    -0.0943    -0.0938    -0.0929    -0.0920    -0.0909    -0.0904
   -0.0904    -0.0902    -0.0909    -0.0906    -0.0902    -0.0885    -0.0871
   -0.0855    -0.0841    -0.0827    -0.0814    -0.0799    -0.0783    -0.0771
   -0.0759    -0.0753    -0.0745    -0.0736    -0.0726    -0.0716    -0.0707
   -0.0704    -0.0704    -0.0702    -0.0701    -0.0694    -0.0691    -0.0689
   -0.0690    -0.0692    -0.0695    -0.0696    -0.0690    -0.0688    -0.0678
   -0.0675    -0.0676    -0.0691    -0.0702    -0.0715    -0.0726    -0.0735
   -0.0743    -0.0751    -0.0761    -0.0767    -0.0773    -0.0776    -0.0779
   -0.0782    -0.0785    -0.0789    -0.0791    -0.0792    -0.0791    -0.0790
   -0.0787    -0.0787    -0.0786    -0.0785    -0.0783    -0.0780    -0.0778
   -0.0775    -0.0772    -0.0771    -0.0770    -0.0770    -0.0769    -0.0769
   -0.0766    -0.0767    -0.0767    -0.0769    -0.0774    -0.0769    -0.0760
   -0.0740    -0.0721    -0.0692    -0.0662    -0.0641    -0.0618    -0.0601
   -0.0583    -0.0562    -0.0542    -0.0519    -0.0497    -0.0472    -0.0447
   -0.0420    -0.0391    -0.0362    -0.0333    -0.0306    -0.0277    -0.0247
   -0.0215    -0.0182    -0.0149    -0.0117    -0.0088    -0.0058    -0.0027
    0.0007     0.0042     0.0067     0.0088     0.0095     0.0103     0.0101
    0.0097     0.0099     0.0098     0.0103     0.0106     0.0106     0.0106
    0.0102     0.0098     0.0089     0.0080     0.0069     0.0057     0.0043
    0.0030     0.0013    -0.0005    -0.0025    -0.0046    -0.0067    -0.0089
   -0.0105    -0.0124    -0.0142    -0.0160    -0.0174    -0.0188    -0.0194
   -0.0201    -0.0202    -0.0202    -0.0198    -0.0193    -0.0181    -0.0163
   -0.0130    -0.0087    -0.0032     0.0029     0.0034     0.0134     0.0146
    0.0267     0.0284     0.0463     0.0496     0.0722     0.0772     0.1065
    0.1136     0.1497     0.1590     0.1984     0.2108     0.2532     0.2691
    0.3171     0.3372     0.3687     0.3866     0.4029     0.4165     0.3690
    0.3511     0.1947     0.1383    -0.0137    -0.0518    -0.1924    -0.2432
   -0.3420    -0.3370    -0.3369    -0.3183    -0.2838    -0.2675    -0.2337
   -0.2205    -0.1838    -0.1742    -0.1426    -0.1363    -0.1102    -0.1063
   -0.0852    -0.0829    -0.0682    -0.0666    -0.0521    -0.0480    -0.0360
   -0.0342    -0.0254    -0.0246    -0.0201    -0.0163    -0.0147    -0.0129
   -0.0118    -0.0104    -0.0095    -0.0085    -0.0076    -0.0070    -0.0062
   -0.0055    -0.0045    -0.0036    -0.0022    -0.0009     0.0004     0.0018
    0.0031     0.0046     0.0058     0.0070     0.0076     0.0074     0.0062
    0.0057     0.0053     0.0055     0.0055     0.0058     0.0065     0.0074
    0.0083     0.0089     0.0102     0.0113     0.0125     0.0137     0.0146
    0.0154     0.0159     0.0166     0.0171     0.0175     0.0179     0.0183
    0.0187     0.0192     0.0198     0.0204     0.0210     0.0216     0.0222
    0.0229     0.0237     0.0248     0.0256     0.0265     0.0273     0.0280
    0.0287     0.0294     0.0301     0.0307     0.0316     0.0326     0.0337
    0.0347     0.0356     0.0366     0.0378     0.0389     0.0401     0.0412
    0.0423     0.0435     0.0445     0.0453     0.0460     0.0465     0.0468
    0.0469     0.0471     0.0470     0.0469     0.0464     0.0457     0.0446
    0.0435     0.0421     0.0406     0.0390     0.0374     0.0356     0.0335
    0.0314     0.0290     0.0262     0.0230     0.0200     0.0167     0.0132
    0.0093     0.0052     0.0010    -0.0033    -0.0076    -0.0122    -0.0169
   -0.0215    -0.0266    -0.0316    -0.0366    -0.0413    -0.0463    -0.0510
   -0.0561    -0.0613    -0.0664    -0.0715    -0.0766    -0.0817    -0.0869
   -0.0921    -0.0973    -0.1021    -0.1054    -0.1077    -0.1101    -0.1112
   -0.1124    -0.1137    -0.1159    -0.1177    -0.1189    -0.1194    -0.1198
   -0.1202    -0.1209    -0.1217    -0.1225    -0.1236    -0.1244    -0.1252
   -0.1262    -0.1270    -0.1275    -0.1281    -0.1281    -0.1280    -0.1277
   -0.1273    -0.1268    -0.1261    -0.1252    -0.1241    -0.1229    -0.1219
   -0.1222    -0.1233    -0.1242    -0.1261    -0.1275    -0.1288    -0.1287
   -0.1291    -0.1298    -0.1308    -0.1318    -0.1329    -0.1336    -0.1341
   -0.1343    -0.1342    -0.1339    -0.1336    -0.1332    -0.1330    -0.1328
   -0.1327    -0.1327    -0.1324    -0.1323    -0.1324    -0.1325    -0.1324
